

Latitude           : 30.4382746666667
Longitude          : -97.8133371666667
Altitude           : 249.8
HorizontalAccuracy : 2
VerticalAccuracy   : 4
Speed              : 0.00565887092169031
Course             : 0
IsUnknown          : False



